greedy 100 3.89 20.61 54.39
bad_greedy 100 4.91 24.68 82.62
random 100 1.48 1.31 5.92
k=1 100 4.54 34.31 48.62
greedy 200 6.56 44.39 149
bad_greedy 200 6.46 37.7 175.23
random 200 1.49 0.75 7.37
k=1 200 7.03 55.96 118.31
greedy 300 8.24 57.97 210.36
bad_greedy 300 8.57 53.98 274.78
random 300 2.79 4.28 30.64
k=1 300 8.73 60.76 127.6
greedy 400 7.42 54.51 264.08
bad_greedy 400 9.25 58.54 368.29
random 400 1.08 0.08 3.87
k=1 400 9.83 71.4 204.9
greedy 500 11.9 90.38 379.61
bad_greedy 500 16.36 81.72 440.35
random 500 3.47 5.29 50.51
k=1 500 9.57 60.6 118.7
greedy 600 11.62 87.31 375.69
bad_greedy 600 17.47 81.74 540.07
random 600 6.72 18.73 146.15
k=1 600 10.7 69.22 161.73
greedy 700 9.12 67.62 311.81
bad_greedy 700 16.94 78.98 627.09
random 700 4.39 9.42 84.51
k=1 700 11.5 72.22 247.88
greedy 800 11.72 81.4 392.18
bad_greedy 800 19.17 87.17 710.5
random 800 6.08 16.08 157.57
k=1 800 11.46 78.83 225.45
greedy 900 14.58 88.77 352.66
bad_greedy 900 28.55 88.41 819.3
random 900 4.89 11.25 99.51
k=1 900 9.85 62.04 170.53
greedy 1000 12.67 89.96 404.84
bad_greedy 1000 22.03 88.04 927.65
random 1000 6.65 18.04 189.43
k=1 1000 9.59 56.81 164.46
greedy 1100 6.72 42.37 206.49
bad_greedy 1100 27.13 91.66 1029.39
random 1100 9.44 33.85 293.09
k=1 1100 11.16 71.27 241.46
greedy 1200 13.12 94.23 384.86
bad_greedy 1200 23.73 92.68 1101.77
random 1200 7.3 21.86 231.53
k=1 1200 11.23 78.35 234.34
greedy 1300 14.36 90.2 423.46
bad_greedy 1300 30.75 93.48 1221.55
random 1300 14.94 56.51 621.12
k=1 1300 12.06 74.05 221.46
greedy 1400 13.49 91.98 470.73
bad_greedy 1400 26.6 92.75 1314.88
random 1400 12.52 45.34 445.81
k=1 1400 12.13 75.55 249.86
greedy 1500 13 84.24 374.95
bad_greedy 1500 37.93 96.21 1404.77
random 1500 12.74 41.68 492.97
k=1 1500 11.75 73.52 190.84
greedy 1600 14.38 95.69 580.27
bad_greedy 1600 39.78 94.83 1500.45
random 1600 16.08 63.16 646.57
k=1 1600 10.81 66.12 224.49
greedy 1700 13.74 94.09 444.3
bad_greedy 1700 35.71 96.26 1595.31
random 1700 12.89 45.79 504.83
k=1 1700 10.69 68.4 161.6
greedy 1800 14.92 93.6 347.8
bad_greedy 1800 34.86 95.92 1700.06
random 1800 27.74 90.19 1552.3
k=1 1800 11.04 68.73 171.89
greedy 1900 14.49 92.23 473.25
bad_greedy 1900 40.78 96.47 1781.48
random 1900 26.29 81.41 1519
k=1 1900 12.08 67.07 221.41
greedy 2000 13.21 87.49 374.34
bad_greedy 2000 42.75 97.73 1889.12
random 2000 26.6 88.53 1775.48
k=1 2000 11.23 69.69 179.51
greedy 2100 15.49 92.97 415.13
bad_greedy 2100 43.55 96.76 1980.78
random 2100 25.3 83.37 1653.58
k=1 2100 12.05 70.45 210.34
greedy 2200 15.13 97.25 419.23
bad_greedy 2200 45.89 96.99 2072.72
random 2200 22.44 79.82 1455.32
k=1 2200 13.34 76.29 227.51
greedy 2300 15.45 91.07 344.69
bad_greedy 2300 45.16 97.08 2177.04
random 2300 31.6 92.65 2153.27
k=1 2300 12.11 68.45 186.42
greedy 2400 15.65 94.57 387.55
bad_greedy 2400 41.68 98.63 2246.87
random 2400 30.83 92.31 2208.21
k=1 2400 11.87 74.89 218.65
greedy 2500 14.4 93.76 415.56
bad_greedy 2500 49.11 97.66 2356.18
random 2500 31.32 90.54 2299.74
k=1 2500 12.28 73.74 244.06
greedy 2600 12.83 77.91 387.52
bad_greedy 2600 47.8 98.14 2474.67
random 2600 22.25 79.98 1524.43
k=1 2600 11.71 68.31 245.71
greedy 2700 13.45 88.18 379.04
bad_greedy 2700 43.74 98.17 2539.7
random 2700 36.41 95.34 2612.56
k=1 2700 11.35 71.88 212.28
greedy 2800 11.82 79.49 368.25
bad_greedy 2800 49.41 98.68 2651.16
random 2800 31.98 93.68 2620.53
k=1 2800 11.44 73.99 243.7
greedy 2900 12.75 79.04 355.96
bad_greedy 2900 50.31 98.63 2747.35
random 2900 35.38 96.07 2846.6
k=1 2900 11.03 65.52 184.96
greedy 3000 13.65 92.7 410.64
bad_greedy 3000 53.17 98.46 2839.79
random 3000 33.46 94.75 2848.72
k=1 3000 10.43 59.57 190.64
greedy 100 2.79 14.91 62.56
bad_greedy 100 3.5 17.31 79.79
random 100 1.35 1.11 4.28
k=1 100 5.09 40.61 66.22
greedy 200 5.5 36.36 116.55
bad_greedy 200 6.58 40.82 132.2
random 200 1.23 0.36 3.36
k=1 200 6.08 41.83 77.56
greedy 300 2.97 17.65 86.91
bad_greedy 300 9.26 50.78 261.5
random 300 2.14 3.97 29.26
k=1 300 7.55 49.93 141.28
greedy 400 9.77 70.36 274.04
bad_greedy 400 13.48 72.46 351.27
random 400 3.76 8.86 54.86
k=1 400 8.97 58.86 111.3
greedy 500 9.33 65.37 316.29
bad_greedy 500 17.11 81.79 452.54
random 500 4.28 11.01 72.37
k=1 500 9.84 66.37 159.88
greedy 600 11.49 78.8 357.01
bad_greedy 600 19.61 84.65 530.07
random 600 4.37 9.57 85.71
k=1 600 10.2 68.82 145.05
greedy 700 11.58 85.5 404.41
bad_greedy 700 18.07 81.6 639.11
random 700 5.09 13.74 100.93
k=1 700 9.09 56.32 124.85
greedy 800 11.58 78.56 350.14
bad_greedy 800 28.35 89.82 728.42
random 800 7.15 23.56 163.63
k=1 800 10.12 66.48 136.18
greedy 900 12.86 86.51 302.61
bad_greedy 900 26.99 90.97 823.81
random 900 9.03 27.87 228.32
k=1 900 10.61 66.64 147.06
greedy 1000 13.68 95.9 413.19
bad_greedy 1000 23.05 89.55 916.37
random 1000 9.67 33.11 289.33
k=1 1000 10.71 66.75 177.18
greedy 1100 8.17 55.81 237.49
bad_greedy 1100 23.75 89.55 1011.32
random 1100 8.24 25.14 277.02
k=1 1100 9.07 58.35 142.55
greedy 1200 12.66 86.63 338.32
bad_greedy 1200 39.34 97.08 1098.65
random 1200 10.38 35.07 344.54
k=1 1200 10.98 71.68 136.67
greedy 1300 14.36 91.74 456.23
bad_greedy 1300 36.22 96.24 1205.45
random 1300 8.52 24.37 306.18
k=1 1300 10.71 62.78 151.32
greedy 1400 13.35 91.22 464.64
bad_greedy 1400 30.42 93.77 1306.35
random 1400 6.78 18.95 223.72
k=1 1400 11.18 64.57 211.12
greedy 1500 14.07 88.3 380.26
bad_greedy 1500 42.62 97.01 1399.18
random 1500 12.37 41.29 477.68
k=1 1500 11.81 68.96 197.45
greedy 1600 14.86 93.59 451.44
bad_greedy 1600 39.34 96.66 1487.45
random 1600 17.36 63.55 728.83
k=1 1600 13.45 85.46 269.12
greedy 1700 14.94 98.05 412.88
bad_greedy 1700 38.93 95.54 1591.6
random 1700 23.14 85.84 1262.96
k=1 1700 10.93 68.58 191.57
greedy 1800 15.13 94.92 354.09
bad_greedy 1800 39.11 97.54 1664.51
random 1800 26.2 87.65 1539.86
k=1 1800 9.75 58.04 140.3
greedy 1900 12.89 79.8 357.57
bad_greedy 1900 42.52 95.84 1787.5
random 1900 31.37 92.75 1764.16
k=1 1900 12.07 71.38 200.57
greedy 2000 12.14 84.72 341.03
bad_greedy 2000 42.43 97.53 1880
random 2000 18.2 70.86 855.18
k=1 2000 10.42 67.29 143.92
greedy 2100 15.34 91.01 413.38
bad_greedy 2100 44.23 98.44 1980.6
random 2100 24.16 87.22 1440.67
k=1 2100 13.94 85.6 254.06
greedy 2200 14.98 91.4 437.86
bad_greedy 2200 46.16 98.2 2069.22
random 2200 31.68 90.52 2040.59
k=1 2200 13.29 84.96 266.95
greedy 2300 17.57 96.89 465.24
bad_greedy 2300 46.49 95.55 2185.05
random 2300 26.62 87.67 1934.95
k=1 2300 12.28 74.67 279.94
greedy 2400 14.2 94.23 401
bad_greedy 2400 47.28 97.66 2275.88
random 2400 30.62 92.77 2243.87
k=1 2400 11.76 75.42 202.48
greedy 2500 14.91 97.47 399.57
bad_greedy 2500 50.24 97.81 2359.73
random 2500 33.75 95.29 2372.61
k=1 2500 12.2 72.35 217.84
greedy 2600 13.28 85.38 449.43
bad_greedy 2600 50.48 96.82 2485.99
random 2600 31.01 92.81 2439.25
k=1 2600 10.59 67.8 190.74
greedy 2700 14.77 92.16 398.41
bad_greedy 2700 51.79 97.88 2541.07
random 2700 32.4 93.31 2446.91
k=1 2700 12.46 75.42 214.34
greedy 2800 13.06 84.7 359.68
bad_greedy 2800 50.09 98.29 2661.52
random 2800 33.33 93.53 2503.15
k=1 2800 11.21 67.35 178.76
greedy 2900 13.45 91.61 434.5
bad_greedy 2900 46.96 98.28 2744.52
random 2900 34.44 94.91 2794.38
k=1 2900 11.82 75.18 235.78
greedy 3000 13.63 92.03 428.26
bad_greedy 3000 51.7 98.95 2844.06
random 3000 35.55 96.43 2903.61
k=1 3000 10.96 61.81 199.55
greedy 100 2.74 16.76 67.91
bad_greedy 100 3.67 18.1 76.94
random 100 1.51 1.42 5.9
k=1 100 3.65 27.7 41.2
greedy 200 5.04 30.46 110.2
bad_greedy 200 7.37 37.06 155.89
random 200 2.35 2.38 18.75
k=1 200 7.46 58.55 89.89
greedy 300 7.03 46.67 182.74
bad_greedy 300 9.32 57.23 265.04
random 300 1.73 1.75 13.98
k=1 300 8.03 60.11 153.1
greedy 400 9.68 68.83 266.52
bad_greedy 400 13.86 73.59 345.13
random 400 2.55 5.56 27.01
k=1 400 9.48 63.27 115.02
greedy 500 11.15 85.67 383.55
bad_greedy 500 12.66 77.32 456.02
random 500 3.02 6.86 41.13
k=1 500 10.54 73.78 178.61
greedy 600 13.12 91.08 408.53
bad_greedy 600 17.44 82.47 552.23
random 600 5.78 17.42 130.2
k=1 600 10.42 69.38 148.93
greedy 700 12.28 90.37 512.39
bad_greedy 700 16.67 80.43 628.35
random 700 5.04 11.34 128.85
k=1 700 9.36 60.63 193.71
greedy 800 13.84 93.52 407.73
bad_greedy 800 20.23 87.81 731.67
random 800 4.58 10.23 108.35
k=1 800 11.34 76.54 189.79
greedy 900 10.26 76.98 368.29
bad_greedy 900 19.89 87.4 809.68
random 900 7.29 20.97 197.95
k=1 900 10.71 72.62 221.98
greedy 1000 14.22 93.55 392.42
bad_greedy 1000 25.5 91.47 923.1
random 1000 5.65 14.54 157.18
k=1 1000 10.04 67.27 207.79
greedy 1100 11.15 78.53 288.37
bad_greedy 1100 31.94 92.98 996.67
random 1100 7.91 24.14 230.86
k=1 1100 10.55 69.2 204.81
greedy 1200 13.04 95.8 418.65
bad_greedy 1200 23.72 94.49 1128.24
random 1200 8.67 27.47 287.16
k=1 1200 11.17 77.04 268.77
greedy 1300 13.23 90.04 394.08
bad_greedy 1300 29.82 93.66 1213.06
random 1300 15.19 63.11 498.45
k=1 1300 10.37 64.9 186.81
greedy 1400 12.2 87.06 470.38
bad_greedy 1400 32.98 95.92 1305.95
random 1400 12.73 42.9 452.89
k=1 1400 10.62 64.46 178.23
greedy 1500 14.53 90.56 412.47
bad_greedy 1500 29.35 92.45 1394.38
random 1500 19.25 74.93 1018.42
k=1 1500 11.81 69.47 218.38
greedy 1600 13.6 95.52 537.67
bad_greedy 1600 31.05 94.17 1504.57
random 1600 14.43 53.43 628.51
k=1 1600 12.84 81.73 308.24
greedy 1700 12.11 83.74 345.04
bad_greedy 1700 35.64 95.76 1592.36
random 1700 20.11 80.34 926.74
k=1 1700 11.08 75.29 191.37
greedy 1800 14.35 97.77 502.69
bad_greedy 1800 43.27 97.57 1690.58
random 1800 16.15 56.83 700.63
k=1 1800 13.23 90.16 276.81
greedy 1900 14.65 94.35 432.94
bad_greedy 1900 41.83 96.21 1788.96
random 1900 17.26 66.65 882.62
k=1 1900 12.81 86.6 296
greedy 2000 14.65 91.58 359.23
bad_greedy 2000 44.45 98.17 1887.03
random 2000 19.7 78.19 1001.11
k=1 2000 11.88 78.47 212.55
greedy 2100 14.35 92.86 471.55
bad_greedy 2100 42.44 95.93 1974.96
random 2100 19.26 75.12 1014.71
k=1 2100 12.46 77.45 240.14
greedy 2200 15.02 96.05 401.06
bad_greedy 2200 47.02 98.38 2060.19
random 2200 22.1 83.62 1440.07
k=1 2200 12.29 76.07 221.31
greedy 2300 16.63 97.22 477.05
bad_greedy 2300 42.44 97.12 2175.08
random 2300 20.89 78.67 1294.38
k=1 2300 13.39 72.14 276.93
greedy 2400 15.23 94.99 382.44
bad_greedy 2400 51.42 98.11 2268.94
random 2400 32.94 94.45 2260.73
k=1 2400 10.78 65.9 204.68
greedy 2500 14.03 89.78 395.67
bad_greedy 2500 47.04 98.38 2373.81
random 2500 33.93 95.37 2426.92
k=1 2500 12.7 72.28 206.46
greedy 2600 14.82 86.37 374.77
bad_greedy 2600 49.28 99.03 2460.03
random 2600 36.82 94.15 2524.96
k=1 2600 11.55 67.96 171.03
greedy 2700 14.29 90.96 371.78
bad_greedy 2700 50.67 98.29 2558.82
random 2700 34.76 94.58 2498.37
k=1 2700 10.67 62.24 155.93
greedy 2800 14.49 89.85 406.33
bad_greedy 2800 49.99 98.16 2636
random 2800 35.06 94.02 2731.55
k=1 2800 12.7 78.4 238.94
greedy 2900 13.41 85.27 386.43
bad_greedy 2900 47.69 98.75 2716.06
random 2900 37.09 96.46 2823.73
k=1 2900 12.66 78.15 280.18
greedy 3000 13.81 94.34 410.03
bad_greedy 3000 46.52 98.67 2851.01
random 3000 37.6 96.78 2920.2
k=1 3000 12.17 80.24 254.62
greedy 100 4.03 20.95 49.58
bad_greedy 100 4.13 20.05 79.79
random 100 1.02 0.02 0.98
k=1 100 3.98 26.85 46.72
greedy 200 7.49 49.31 138.62
bad_greedy 200 10 53.66 164.81
random 200 2.1 2.18 15.67
k=1 200 7.99 55.28 71.32
greedy 300 7.22 48.79 180.04
bad_greedy 300 12.84 63 246.98
random 300 2.58 4.38 25.57
k=1 300 8.35 59.85 140.23
greedy 400 10.77 76.84 267.21
bad_greedy 400 16.49 76.3 349.36
random 400 4.36 13.07 55.94
k=1 400 8.55 57.9 96.19
greedy 500 11.92 82.71 300.55
bad_greedy 500 19.57 80.59 421.02
random 500 4.55 12.09 77.09
k=1 500 9.94 69.35 135.07
greedy 600 9.84 71.27 331.87
bad_greedy 600 15.9 78.09 544.58
random 600 4.47 9.25 89.45
k=1 600 11.27 74.41 169.9
greedy 700 13.36 94.11 455.84
bad_greedy 700 17.66 81.25 637.24
random 700 4.85 14.55 96.5
k=1 700 10.24 64.48 214.6
greedy 800 12.05 87.93 412.24
bad_greedy 800 23.16 86.13 717.6
random 800 7.6 25.26 196.37
k=1 800 10.01 63.31 156.03
greedy 900 13.67 90.62 422.49
bad_greedy 900 27.95 89.95 813.36
random 900 5.53 12.04 127.46
k=1 900 12.16 79.46 218.93
greedy 1000 11.31 76.01 302.17
bad_greedy 1000 23.88 91.34 919.24
random 1000 9.39 34.06 254.62
k=1 1000 10.06 66.79 174.05
greedy 1100 8.53 55.75 232.9
bad_greedy 1100 25.9 89.91 1018.85
random 1100 6.55 17.91 201.85
k=1 1100 10.48 73.2 186.24
greedy 1200 13.66 94.9 425.32
bad_greedy 1200 31.37 95.63 1104.31
random 1200 11.23 44.8 341.75
k=1 1200 10.71 69.46 193.08
greedy 1300 18.66 93.5 294.73
bad_greedy 1300 37.54 97.13 1205.57
random 1300 13.93 47.87 496.15
k=1 1300 11.53 76.35 201.88
greedy 1400 14.31 96.21 546.87
bad_greedy 1400 34.82 93.45 1309.15
random 1400 14.03 58.5 588.5
k=1 1400 11.51 66.45 224.72
greedy 1500 13.41 92.44 496.53
bad_greedy 1500 36.45 95.59 1408.58
random 1500 11.73 38.05 475.08
k=1 1500 12.38 77.3 235.17
greedy 1600 13.88 83.66 374.42
bad_greedy 1600 32.55 95 1502.89
random 1600 17.18 71.66 687.74
k=1 1600 11.99 75.85 255.05
greedy 1700 12.6 87.22 370.76
bad_greedy 1700 37.19 94.48 1602
random 1700 15.45 62.36 680.67
k=1 1700 12.31 82.57 246.47
greedy 1800 13.65 92.18 380.39
bad_greedy 1800 38.21 96.16 1678.61
random 1800 23.42 85.71 1229.24
k=1 1800 11.34 66.37 194.31
greedy 1900 15.13 92.32 432.45
bad_greedy 1900 40.33 96.52 1782.3
random 1900 29.24 90.44 1727.06
k=1 1900 10.32 57.78 190.73
greedy 2000 14.02 93.2 380.58
bad_greedy 2000 47.35 98.06 1897.01
random 2000 22.38 82.94 1177.36
k=1 2000 11.15 70.52 174.25
greedy 2100 14.65 93.27 424.34
bad_greedy 2100 41.88 97.16 1979.52
random 2100 21.96 81.24 1291.84
k=1 2100 11.3 67.49 196.35
greedy 2200 14.99 96.1 500.28
bad_greedy 2200 45.58 97.65 2076.77
random 2200 26.72 88.34 1903.09
k=1 2200 13.72 82.99 310.61
greedy 2300 17.09 94.51 434.8
bad_greedy 2300 38.03 97.51 2178.66
random 2300 25.58 87.22 1619.24
k=1 2300 11.88 67.01 251.97
greedy 2400 12.67 80.79 347.28
bad_greedy 2400 42.28 98.41 2274.79
random 2400 36.12 94.84 2307.12
k=1 2400 10.43 59.1 164.63
greedy 2500 14.49 95 421.91
bad_greedy 2500 44.03 98 2370.42
random 2500 30.94 91.79 2245.62
k=1 2500 12.91 81.29 287.49
greedy 2600 14.48 84.2 417.59
bad_greedy 2600 48.97 97.46 2445.59
random 2600 34.96 96.73 2541.58
k=1 2600 11.27 70.39 194.59
greedy 2700 14.39 93.93 434.66
bad_greedy 2700 46.3 98.78 2561.85
random 2700 39.1 97.02 2650.16
k=1 2700 11.11 74.71 191.79
greedy 2800 14.6 86.85 350.69
bad_greedy 2800 48.74 98.51 2639.76
random 2800 33.32 94.22 2617.8
k=1 2800 11.37 67.52 172.55
greedy 2900 12.36 81.92 338.71
bad_greedy 2900 54.1 98.58 2725.96
random 2900 38.8 97.02 2842.82
k=1 2900 11.08 67.02 208.94
greedy 3000 14.34 92.75 421.37
bad_greedy 3000 55.55 98.36 2823.68
random 3000 37.58 96.47 2915.38
k=1 3000 11.28 68.41 236.75
greedy 100 2.82 16.71 73.78
bad_greedy 100 3.84 20.88 77.76
random 100 1.53 4 7.91
k=1 100 4.06 32.17 74.65
greedy 200 6.22 38.42 139.23
bad_greedy 200 7.32 43.03 167.66
random 200 2.77 6.55 28.16
k=1 200 7.41 57.67 145.89
greedy 300 8.63 56.23 201.86
bad_greedy 300 9.73 57.24 240.43
random 300 1.04 0.03 2.85
k=1 300 7.45 57.29 154.22
greedy 400 10.35 72.83 287.06
bad_greedy 400 16.03 74.69 334.93
random 400 2.02 1.17 18.44
k=1 400 8.29 54.15 117.84
greedy 500 11.96 84.35 316.67
bad_greedy 500 23.56 85.2 426.41
random 500 4.44 9.29 79.43
k=1 500 9.76 64.06 128.05
greedy 600 11.96 83.9 362.71
bad_greedy 600 20.63 83.51 544.66
random 600 4.11 9.53 76.5
k=1 600 10.2 63.26 140.49
greedy 700 13.25 91.7 474.77
bad_greedy 700 23.52 85.44 606.77
random 700 2.86 4.16 49.83
k=1 700 11.16 73.11 203.66
greedy 800 13.1 92.11 367.44
bad_greedy 800 18.42 88.99 729.7
random 800 4.3 9.1 94.53
k=1 800 10.8 71.42 188.62
greedy 900 14.52 96.92 436.74
bad_greedy 900 23.63 91.01 831.43
random 900 6.75 17.95 148.14
k=1 900 11.54 79.1 225.52
greedy 1000 11.67 79.08 365.04
bad_greedy 1000 24.43 91.48 912.57
random 1000 6.28 17.91 189.67
k=1 1000 11.18 77.38 218.56
greedy 1100 8.57 58.09 254.02
bad_greedy 1100 29.59 92.86 1012.51
random 1100 9.42 34.34 299.26
k=1 1100 10.84 72.58 217.3
greedy 1200 12.53 91.31 365.76
bad_greedy 1200 35.91 96.92 1122.45
random 1200 8.38 28.46 288.61
k=1 1200 11.78 83.07 206.91
greedy 1300 12.2 91.24 391.21
bad_greedy 1300 29.62 95.24 1221.27
random 1300 8.75 23.9 300.53
k=1 1300 10.56 70.36 180.83
greedy 1400 14.83 92.15 375.37
bad_greedy 1400 34.06 95.13 1297.29
random 1400 13.43 48.34 474.62
k=1 1400 11.66 69.63 204.47
greedy 1500 13.73 94.14 444.11
bad_greedy 1500 37.03 96.38 1399.93
random 1500 11.39 36.6 462.28
k=1 1500 12.32 79.68 291.97
greedy 1600 15.33 95.22 498.8
bad_greedy 1600 31.53 94.47 1508.69
random 1600 11.32 36.03 489
k=1 1600 12.98 83.28 280.89
greedy 1700 13.93 90.22 418.77
bad_greedy 1700 44.62 97.38 1591.54
random 1700 26.66 88.65 1511.16
k=1 1700 12.14 81.21 225.4
greedy 1800 12.28 85.19 367.28
bad_greedy 1800 39.36 95.78 1683.22
random 1800 18.91 71.87 852.95
k=1 1800 10.66 68.54 194.7
greedy 1900 15 82.99 388.8
bad_greedy 1900 46.54 97.96 1769.47
random 1900 21.83 78.98 1144.94
k=1 1900 12.08 69.67 190.97
greedy 2000 14.97 91.39 344.8
bad_greedy 2000 44.77 98.22 1872.42
random 2000 24.94 89.6 1364.2
k=1 2000 11.13 71.53 174.64
greedy 2100 14.43 92.68 432.41
bad_greedy 2100 43.59 97.71 1963.39
random 2100 28.66 89.49 1821.86
k=1 2100 12.73 77.46 226.5
greedy 2200 15.08 89.55 393.72
bad_greedy 2200 45.92 97.98 2051.63
random 2200 24.79 87.25 1609.7
k=1 2200 11.18 66.81 190.75
greedy 2300 14.66 88.39 408.45
bad_greedy 2300 46.27 98.23 2172.54
random 2300 31.15 92.26 2101.4
k=1 2300 11.38 59.98 167.03
greedy 2400 17.56 97.08 367.65
bad_greedy 2400 45.18 98.18 2276.72
random 2400 24.28 89.46 1635.99
k=1 2400 13.05 81.03 274.5
greedy 2500 15.6 91.84 420.14
bad_greedy 2500 49.64 97.6 2385.13
random 2500 29.88 93.05 2199.78
k=1 2500 13.08 80.98 260.45
greedy 2600 13.34 89.2 385.16
bad_greedy 2600 44.91 98.64 2444.13
random 2600 30.87 91.61 2431.07
k=1 2600 12.95 81.09 266.35
greedy 2700 13.48 91.71 439.64
bad_greedy 2700 47.24 98.48 2522.23
random 2700 31.62 94.53 2395.75
k=1 2700 12.98 77.57 260.21
greedy 2800 15.44 93.23 410.19
bad_greedy 2800 50.02 98.37 2652.84
random 2800 34.62 93.76 2717.93
k=1 2800 11.72 71.07 202.02
greedy 2900 12.42 80.34 361.94
bad_greedy 2900 51.54 99.03 2762.35
random 2900 34.81 94.84 2762.3
k=1 2900 11.41 69.95 209.63
greedy 3000 13.2 91.49 464.32
bad_greedy 3000 52.93 98.31 2857.4
random 3000 43.08 97.16 2941.13
k=1 3000 10.86 67.04 258.17
greedy 100 3.67 19.84 60.09
bad_greedy 100 6.79 34.21 73.15
random 100 1.58 2.3 5.15
k=1 100 4.21 33.5 34.56
greedy 200 5.72 36.81 119.2
bad_greedy 200 5.88 37.53 174.1
random 200 2.07 3.79 17.48
k=1 200 6.35 47.89 74.13
greedy 300 8.06 55.57 205.85
bad_greedy 300 9.58 55.19 265.88
random 300 2.55 4.79 32.48
k=1 300 7.94 53.46 114.79
greedy 400 9.18 65.92 275.77
bad_greedy 400 12.26 67.64 356.36
random 400 3.02 4 34.23
k=1 400 9.74 65.51 152.8
greedy 500 11.42 87.65 405.23
bad_greedy 500 23.69 83.76 439.21
random 500 3.28 6.28 49.16
k=1 500 7.86 51.16 107.89
greedy 600 8.56 62.18 290.64
bad_greedy 600 19.79 85.22 559.2
random 600 5.15 13.65 99.1
k=1 600 11.01 75.76 221.34
greedy 700 13.3 93.46 451.9
bad_greedy 700 21.4 86.47 637.66
random 700 3.86 7.03 71.67
k=1 700 11.39 71.34 169.97
greedy 800 13.25 91.48 346.7
bad_greedy 800 23.36 91.23 738.63
random 800 4.62 12.02 93.71
k=1 800 10.37 64.46 136.92
greedy 900 14.05 94.66 410.38
bad_greedy 900 25.39 90.04 834.7
random 900 7.2 22.81 200.21
k=1 900 11.35 69.46 202.96
greedy 1000 11.53 85.46 387.95
bad_greedy 1000 31.61 92.45 916.62
random 1000 7.82 23.13 244.8
k=1 1000 9.45 62.14 144.41
greedy 1100 8.09 52.67 248.94
bad_greedy 1100 28.91 91.45 1015.09
random 1100 10.29 37.63 330.36
k=1 1100 10.44 66.4 189.37
greedy 1200 10.74 79.25 413.48
bad_greedy 1200 30.14 92.89 1105.82
random 1200 7.99 24.35 315.43
k=1 1200 11.56 78.45 255.05
greedy 1300 11.77 85.01 409.47
bad_greedy 1300 36.77 96.04 1203.62
random 1300 13.94 52 516.51
k=1 1300 11.37 74.4 227.92
greedy 1400 13.29 88.47 388.64
bad_greedy 1400 29.18 93.53 1319.86
random 1400 16.25 60.96 619.11
k=1 1400 10.78 66.75 178.42
greedy 1500 16.36 94.08 422.41
bad_greedy 1500 34.29 95.23 1401.89
random 1500 17.75 67.91 746.74
k=1 1500 12.03 70.27 211.77
greedy 1600 12.68 82.25 382.99
bad_greedy 1600 39.8 96.88 1497.96
random 1600 14.25 51.16 582.73
k=1 1600 11.36 72.46 164.95
greedy 1700 14.85 90.91 432.45
bad_greedy 1700 39.66 97.09 1593.74
random 1700 19.54 70.14 937.08
k=1 1700 11.15 69.22 203.27
greedy 1800 13.34 93.79 401.17
bad_greedy 1800 40.89 96.99 1701.29
random 1800 17.29 69.08 801.42
k=1 1800 11.02 69.82 193.46
greedy 1900 13.34 92.55 432.63
bad_greedy 1900 40.53 96.44 1775.01
random 1900 22.84 84.52 1358.96
k=1 1900 13.1 83.32 251.9
greedy 2000 12.8 90.72 365.39
bad_greedy 2000 40.23 97.44 1887.72
random 2000 24.08 86.05 1224.97
k=1 2000 11.96 78.98 200.18
greedy 2100 14.47 80.85 323.17
bad_greedy 2100 45.6 97.67 1967.11
random 2100 20.56 75.94 1154.85
k=1 2100 13.25 80.62 264.1
greedy 2200 13.85 89.98 468.78
bad_greedy 2200 41.63 96.66 2081.81
random 2200 30.18 91.89 2085.38
k=1 2200 12.26 76.2 259.67
greedy 2300 14.57 86.52 387.86
bad_greedy 2300 51.09 96.84 2190.99
random 2300 34.2 92.53 2125.92
k=1 2300 13.57 84.86 246.68
greedy 2400 13.54 89.06 383.75
bad_greedy 2400 49.23 97.9 2251.54
random 2400 29.31 93.71 2166.09
k=1 2400 10.64 66.2 160.88
greedy 2500 15.43 94.53 471.63
bad_greedy 2500 48.27 97.21 2360.01
random 2500 29.05 89.7 2186.23
k=1 2500 13.3 83 278.85
greedy 2600 14.25 91.2 443.3
bad_greedy 2600 46.78 98.3 2461.27
random 2600 25.23 86.15 1857.6
k=1 2600 13.21 87.16 293.32
greedy 2700 14.11 88.91 399.83
bad_greedy 2700 48.55 98.88 2562.84
random 2700 35.99 96.78 2629.14
k=1 2700 11.37 75.93 191.89
greedy 2800 15.38 92.63 436.19
bad_greedy 2800 49.19 98.9 2655.44
random 2800 35.61 94.7 2644.31
k=1 2800 11.25 64.19 177.57
greedy 2900 14.18 89.3 388.52
bad_greedy 2900 52.57 98.26 2740.2
random 2900 36.28 94.71 2817.94
k=1 2900 12.89 74.12 242.26
greedy 3000 13.16 84.24 375.88
bad_greedy 3000 52.39 98 2865.88
random 3000 36.92 95.03 2926.01
k=1 3000 12.88 82.27 257.95
greedy 100 3.19 19.21 54.93
bad_greedy 100 4.63 25.44 75.77
random 100 1.31 0.62 3.44
k=1 100 4.05 30.21 41.35
greedy 200 6.69 44.99 141.82
bad_greedy 200 6.27 40.6 146.81
random 200 2.04 2.04 17.32
k=1 200 6.62 47.28 95.94
greedy 300 8.71 61.36 234.46
bad_greedy 300 8.32 47.22 266.01
random 300 1.04 0.05 2.72
k=1 300 7.33 50.83 133.44
greedy 400 9.42 66.21 253.27
bad_greedy 400 12.14 70.99 367.76
random 400 3.82 9.19 57.33
k=1 400 8.49 53.67 99.63
greedy 500 11.27 84.19 352.33
bad_greedy 500 13.51 78.13 447.73
random 500 2.68 2.89 37.82
k=1 500 10.17 75.76 186.41
greedy 600 10.57 71.85 286.49
bad_greedy 600 22.16 85.51 522.33
random 600 2.32 2.99 33.77
k=1 600 9.89 66.32 178.79
greedy 700 13.87 91.75 399.32
bad_greedy 700 25.81 87.57 626.63
random 700 5.54 13.56 133.96
k=1 700 13.5 91.09 272.09
greedy 800 13.25 93.93 395.96
bad_greedy 800 25.6 90.69 731.29
random 800 5.7 14.31 131.96
k=1 800 10.33 66.99 170.37
greedy 900 15.17 95.73 396.39
bad_greedy 900 21.87 89.71 830.03
random 900 4.81 11.99 113.9
k=1 900 10.39 66.89 159.65
greedy 1000 11.46 87.76 412.93
bad_greedy 1000 31.91 94.35 928.84
random 1000 8.05 28.81 233.07
k=1 1000 11.33 78.8 233.79
greedy 1100 8.07 49.91 208.72
bad_greedy 1100 37.8 96.35 1013.09
random 1100 10.21 33.19 345.52
k=1 1100 10.54 68.56 175.41
greedy 1200 13.91 93.87 444.87
bad_greedy 1200 31.54 93.87 1120.5
random 1200 9.25 30.7 340.74
k=1 1200 9 51.34 177.6
greedy 1300 12.88 91.99 577.84
bad_greedy 1300 28.73 91.69 1201.58
random 1300 11.61 40.08 402.05
k=1 1300 11.96 74.19 287.14
greedy 1400 14.26 90.39 451.78
bad_greedy 1400 37.26 96 1315.02
random 1400 9.76 28.62 394
k=1 1400 11.83 75.04 217.4
greedy 1500 15.33 93.36 437.07
bad_greedy 1500 37.68 96.19 1404.34
random 1500 13.1 44.66 493.53
k=1 1500 11.01 68.58 196.37
greedy 1600 15.75 93.08 420.2
bad_greedy 1600 32.69 94.24 1498.81
random 1600 19.09 75.66 899.97
k=1 1600 11.15 72.44 231.91
greedy 1700 14.32 93.76 384.84
bad_greedy 1700 40.21 96.67 1578.62
random 1700 16 58.66 653.78
k=1 1700 11.19 71.23 200.72
greedy 1800 11.2 81.39 440.42
bad_greedy 1800 41.7 97.47 1682.05
random 1800 17.61 63.94 811.96
k=1 1800 11.17 71.36 216.91
greedy 1900 15.86 95.85 450.74
bad_greedy 1900 41.18 96.29 1785.01
random 1900 16.15 62.42 841.5
k=1 1900 12.7 76.13 295.5
greedy 2000 13.05 88.71 412.88
bad_greedy 2000 38.32 97.87 1889.16
random 2000 25.49 87.27 1570.32
k=1 2000 11.85 72.05 235.57
greedy 2100 14.43 92.39 391.31
bad_greedy 2100 43.49 98.4 1972.86
random 2100 28.42 88.47 1891.05
k=1 2100 12.92 78.33 225.07
greedy 2200 16.4 96.76 382.38
bad_greedy 2200 46.37 98.7 2065.61
random 2200 28.5 89.75 1884.83
k=1 2200 14.41 86.9 282.81
greedy 2300 15.47 92.15 433.74
bad_greedy 2300 38.01 97.45 2159.5
random 2300 33.18 91.47 2170.19
k=1 2300 12.95 83.7 330.2
greedy 2400 12.09 89.07 424.14
bad_greedy 2400 45.81 96.8 2248.59
random 2400 30.62 92.57 2086.15
k=1 2400 11.83 79.81 253.33
greedy 2500 14.27 89.85 388.34
bad_greedy 2500 50.64 98.8 2369.02
random 2500 30.59 90.74 2185.94
k=1 2500 11.44 67.02 165.21
greedy 2600 15.58 80.46 282.37
bad_greedy 2600 50.19 98.3 2467.59
random 2600 37.71 96.3 2539.52
k=1 2600 10.31 57.71 156.32
greedy 2700 12.92 89.28 321.46
bad_greedy 2700 48.13 99.15 2559.32
random 2700 33.05 93.26 2560.82
k=1 2700 11.68 70.19 202.29
greedy 2800 15.28 97.83 472.07
bad_greedy 2800 46.4 96.01 2633.59
random 2800 34.01 94.91 2707.28
k=1 2800 12.35 75.24 240.99
greedy 2900 13.53 87.18 370.97
bad_greedy 2900 50.4 98.54 2758.97
random 2900 39.66 94.77 2750.61
k=1 2900 11.75 68.08 203.18
greedy 3000 13.62 91.66 381.32
bad_greedy 3000 54.72 98.74 2827.74
random 3000 37.77 95.28 2943.75
k=1 3000 13.41 87.61 243.43
greedy 100 5.13 29.02 55.28
bad_greedy 100 5.81 30.82 74.07
random 100 1.36 1.58 4.42
k=1 100 5 39.06 47.64
greedy 200 5.81 39.38 127.44
bad_greedy 200 6.91 41.56 144.09
random 200 1.14 0.31 2.36
k=1 200 6.92 48.68 85.72
greedy 300 7.05 44.4 158.7
bad_greedy 300 9.05 55.17 268.32
random 300 2.97 8.09 40.65
k=1 300 7.45 52.14 94.05
greedy 400 8.26 60.95 240.03
bad_greedy 400 11.48 67.5 352.75
random 400 3.04 6.21 45.16
k=1 400 10.01 70 181.1
greedy 500 10.87 83.93 371.67
bad_greedy 500 14.93 77.89 414.12
random 500 3.96 9.02 69.25
k=1 500 8.27 54.75 115.2
greedy 600 14.28 90.39 358.68
bad_greedy 600 17.91 80.75 534.6
random 600 4.43 10.43 82.3
k=1 600 10.33 70.36 173.8
greedy 700 13.13 91.85 465.81
bad_greedy 700 17.76 83.99 626.83
random 700 5.2 14.01 103.07
k=1 700 10.05 62.11 146.9
greedy 800 11.72 87.04 401.58
bad_greedy 800 19.85 82.27 732.59
random 800 5.5 13.94 142.48
k=1 800 10.01 62.12 166.58
greedy 900 10.51 76.09 352.13
bad_greedy 900 33.95 92.01 810.9
random 900 5.39 12.76 137.89
k=1 900 12.23 77.13 242.77
greedy 1000 12.93 90.12 387.62
bad_greedy 1000 22.83 90.88 927
random 1000 7.1 22.26 204.99
k=1 1000 11.75 82.5 255.54
greedy 1100 9.73 65.23 297.93
bad_greedy 1100 26.35 93.07 1009.71
random 1100 8.75 28.35 269.73
k=1 1100 10.4 69.29 204.88
greedy 1200 12.4 93.45 395.87
bad_greedy 1200 30.63 94.16 1122.54
random 1200 10.82 39.15 343.77
k=1 1200 9.56 64.87 185.03
greedy 1300 11.98 82.71 477.72
bad_greedy 1300 27.37 92.81 1204.1
random 1300 11.52 38.41 450.59
k=1 1300 12.74 86.13 303.23
greedy 1400 14.47 95.1 425.05
bad_greedy 1400 41.24 96.09 1302.53
random 1400 13.33 49.15 515
k=1 1400 12.84 81.29 247.05
greedy 1500 14.04 87.49 438.35
bad_greedy 1500 31.86 92.51 1396.36
random 1500 12.7 44.32 482.25
k=1 1500 11.71 70.51 211.67
greedy 1600 12.26 77.41 415.39
bad_greedy 1600 34.74 96.09 1512.85
random 1600 18.35 72.13 716.66
k=1 1600 11.08 70.16 228.57
greedy 1700 13.52 95.65 518.07
bad_greedy 1700 37.67 96.43 1591.65
random 1700 14.96 55.79 671.68
k=1 1700 11.58 77.79 273.06
greedy 1800 13.13 89.85 371.36
bad_greedy 1800 43.16 97.49 1687.85
random 1800 14.13 52.86 586.41
k=1 1800 11.93 72.49 182.36
greedy 1900 15.28 87.29 414.2
bad_greedy 1900 42.51 96.81 1787.09
random 1900 23.01 85.67 1253.74
k=1 1900 11.4 63.94 183.62
greedy 2000 14.91 92.71 400.46
bad_greedy 2000 42.36 97.73 1857.91
random 2000 15.7 51.97 752.92
k=1 2000 9.99 64.38 164.62
greedy 2100 15.03 95.5 437.04
bad_greedy 2100 41.6 97.68 1993.28
random 2100 28.01 88.69 1656.26
k=1 2100 12.96 80.81 323.15
greedy 2200 14.92 94.84 438.34
bad_greedy 2200 46.76 98.32 2069.89
random 2200 31.16 92.01 2038.36
k=1 2200 12.46 75.08 214.08
greedy 2300 15.08 91.94 451.1
bad_greedy 2300 48.58 97.83 2171.21
random 2300 28.8 92.39 2055.69
k=1 2300 12.91 78.4 256.13
greedy 2400 13.95 92.27 403.28
bad_greedy 2400 49.96 98.17 2266.18
random 2400 28.99 90.56 2049.26
k=1 2400 11.84 75.05 203.07
greedy 2500 15.29 88.08 386.79
bad_greedy 2500 44.38 97.6 2341.29
random 2500 32.42 93.45 2359.16
k=1 2500 12.07 69.62 205.69
greedy 2600 13.33 87.09 470.4
bad_greedy 2600 48.26 97.7 2465.92
random 2600 29.67 88.83 2307.15
k=1 2600 11 69.39 211.59
greedy 2700 13.61 90.42 430.09
bad_greedy 2700 49.78 98.57 2557.08
random 2700 34.45 96.23 2579.14
k=1 2700 11.57 71.62 199.12
greedy 2800 12.84 90.13 451.51
bad_greedy 2800 50.34 98.55 2626.97
random 2800 36.67 95.26 2711.69
k=1 2800 11.31 73.09 222.07
greedy 2900 13.36 87.51 431.92
bad_greedy 2900 48.84 98.33 2772.02
random 2900 34.46 95.69 2807.56
k=1 2900 12.93 75.72 241.74
greedy 3000 14.71 95.04 429.43
bad_greedy 3000 52.22 98.25 2837.42
random 3000 35.97 94.39 2923.41
k=1 3000 13.18 87.13 322.1
greedy 100 4.34 24.01 62.57
bad_greedy 100 5.26 26.72 77.59
random 100 1.06 0.04 0.99
k=1 100 4.62 35.89 51.24
greedy 200 8.6 53.39 130.91
bad_greedy 200 10.77 53.77 134.74
random 200 3.31 7.97 31.93
k=1 200 6.88 53.91 76
greedy 300 7.42 48.89 211.09
bad_greedy 300 8.65 51.21 268.25
random 300 2.95 6.77 43.22
k=1 300 8.41 62.57 177.96
greedy 400 11.59 82.49 321.78
bad_greedy 400 11.1 68.31 360.6
random 400 2.3 2.12 24.17
k=1 400 9.91 70.07 130.25
greedy 500 10.74 78.93 312.46
bad_greedy 500 28.03 87.89 441.61
random 500 5.52 14.98 97.41
k=1 500 10.45 71.87 148.06
greedy 600 11.47 80.63 354.76
bad_greedy 600 15.37 73.25 552.89
random 600 2.92 8.59 39.95
k=1 600 10.03 68 170.78
greedy 700 15 94.06 382.87
bad_greedy 700 20.03 88.47 641.91
random 700 5.06 12.64 117.57
k=1 700 10.08 63.69 151.36
greedy 800 10.74 79.47 434.04
bad_greedy 800 16.86 85.01 728.03
random 800 5.84 15.19 156.11
k=1 800 10.42 69.28 198.89
greedy 900 11.75 82.96 419.2
bad_greedy 900 23.27 90.43 817.45
random 900 6.61 17.96 173.55
k=1 900 11.68 77.59 192.39
greedy 1000 13.36 94.6 438.46
bad_greedy 1000 29.87 94.31 918.87
random 1000 10.33 36.74 306
k=1 1000 9.08 60.16 148.14
greedy 1100 7.79 53.93 253.93
bad_greedy 1100 26.1 88.78 1029.81
random 1100 6.91 19.32 222.53
k=1 1100 10.54 64.99 288.65
greedy 1200 14.5 94.72 400.28
bad_greedy 1200 29.72 94.67 1118.81
random 1200 9.97 32.18 322.79
k=1 1200 11.54 74.93 187.98
greedy 1300 11.66 86.26 485.55
bad_greedy 1300 33.71 93.6 1205.75
random 1300 11.46 39.37 382.76
k=1 1300 10.25 64.85 177.52
greedy 1400 14.33 92.7 394.77
bad_greedy 1400 40.09 94.73 1279.28
random 1400 13.79 48.7 501.66
k=1 1400 11.61 74.23 196.45
greedy 1500 16.68 95.92 450.03
bad_greedy 1500 39.5 96.61 1396.59
random 1500 13.15 47.44 525.14
k=1 1500 11.94 69.31 180.75
greedy 1600 12.99 89.21 388.6
bad_greedy 1600 39.46 96.31 1482.28
random 1600 17.2 65.92 654.35
k=1 1600 11.57 73.07 208.95
greedy 1700 14.63 94.06 377.56
bad_greedy 1700 38.42 97.62 1599.29
random 1700 21.43 78.94 1071.99
k=1 1700 11.76 70.1 189.24
greedy 1800 14.22 91.06 350.62
bad_greedy 1800 41.31 96.76 1697.64
random 1800 22.07 85.51 1060.04
k=1 1800 11.09 67.89 156.78
greedy 1900 14.19 84 359.8
bad_greedy 1900 40.17 97.02 1782.77
random 1900 20 77.32 1086.9
k=1 1900 12.93 84.4 306.06
greedy 2000 12.89 90.16 368.44
bad_greedy 2000 41.58 97.63 1877
random 2000 18.55 69.81 1021.78
k=1 2000 11.12 71.13 179.51
greedy 2100 13.86 89.65 462.6
bad_greedy 2100 35.4 96.47 1977.74
random 2100 23.66 85.62 1500.19
k=1 2100 12.76 75.28 266.18
greedy 2200 12.14 78.46 403.52
bad_greedy 2200 43.06 96.86 2086.4
random 2200 26.09 88.46 1744.56
k=1 2200 14.13 85.56 296.9
greedy 2300 16.75 91.75 362.82
bad_greedy 2300 44.73 97.46 2173.2
random 2300 23.6 86.34 1408.01
k=1 2300 12.62 74.42 224.9
greedy 2400 16.26 94.68 396.8
bad_greedy 2400 45.94 97.55 2259.49
random 2400 34.48 93.8 2308.98
k=1 2400 12.6 82.49 266
greedy 2500 16.12 97.01 422.57
bad_greedy 2500 49.83 98.44 2351.07
random 2500 33.72 91.82 2391.14
k=1 2500 11.45 67.35 184.05
greedy 2600 13.3 91.15 402.64
bad_greedy 2600 49.46 99.06 2468.61
random 2600 33.7 93.3 2473.07
k=1 2600 11.32 66.04 182.05
greedy 2700 13.61 87.81 375.93
bad_greedy 2700 48.24 98.61 2534.79
random 2700 35.26 94.76 2610.92
k=1 2700 11.14 69.59 196.1
greedy 2800 12.74 83.78 399.34
bad_greedy 2800 51.45 98.44 2678.45
random 2800 31.72 91.71 2543.82
k=1 2800 11.01 62.97 195.12
greedy 2900 13.99 91.3 349.58
bad_greedy 2900 51.36 99.25 2754.47
random 2900 34.25 95.61 2786.16
k=1 2900 12.03 73.71 195.78
greedy 3000 13.07 91.34 475.45
bad_greedy 3000 50.65 98.58 2850.66
random 3000 40.96 94.9 2897.7
k=1 3000 13.5 88.09 282.03
greedy 100 3.97 23.09 64.62
bad_greedy 100 4.9 26.05 69.2
random 100 1.4 1.44 4.08
k=1 100 3.36 25.27 42.99
greedy 200 7.1 45.32 144.74
bad_greedy 200 9.52 54.07 172.57
random 200 2.36 5.38 18.9
k=1 200 6.8 50.46 78.72
greedy 300 7.89 51.54 203.24
bad_greedy 300 9.93 55.76 252.51
random 300 3.29 8.7 44.74
k=1 300 7.65 54.1 99.43
greedy 400 8.92 63.84 270.02
bad_greedy 400 9.16 59.04 348.61
random 400 2.78 5.76 45.97
k=1 400 9.16 64.49 174.34
greedy 500 10.51 85.67 352.76
bad_greedy 500 15.7 79.67 429.73
random 500 3.34 7.7 64.23
k=1 500 9.99 72.04 193.17
greedy 600 11.99 83.58 362.96
bad_greedy 600 15.58 79.84 532.49
random 600 4.09 7.33 83.28
k=1 600 10.32 69.68 168.67
greedy 700 12.82 92.17 514.41
bad_greedy 700 15.68 81.28 621.92
random 700 7.63 23.86 188.67
k=1 700 8.49 53.56 139.75
greedy 800 13.87 94.46 406.45
bad_greedy 800 21.55 89.27 732.24
random 800 5.12 12.26 127.06
k=1 800 11.31 76.35 232.86
greedy 900 12.6 86.54 367.17
bad_greedy 900 19.79 89.31 842.7
random 900 5.16 11.27 127.16
k=1 900 12.16 80.72 258.19
greedy 1000 11.62 81.71 334.27
bad_greedy 1000 28.85 91.99 917.66
random 1000 6.63 19.3 185.23
k=1 1000 9.3 55.58 131.8
greedy 1100 9.4 60.89 240.77
bad_greedy 1100 37.04 94.57 1017.55
random 1100 9.69 28.82 304.2
k=1 1100 10 65.86 145.04
greedy 1200 11.25 83.16 395.06
bad_greedy 1200 28.26 92.26 1109.44
random 1200 9.6 31.97 332.89
k=1 1200 10.36 65.51 201.57
greedy 1300 13.49 91.73 405.22
bad_greedy 1300 30.85 95.42 1212.19
random 1300 13.74 49.29 472.54
k=1 1300 11.41 71.93 203.94
greedy 1400 12.64 85.37 360.56
bad_greedy 1400 42.47 96.75 1299.75
random 1400 10.36 31.58 376.58
k=1 1400 11.33 74.21 155.18
greedy 1500 14.73 93.36 500.94
bad_greedy 1500 33.51 92.88 1407.18
random 1500 17.88 74.7 720.89
k=1 1500 13.06 85.77 310.46
greedy 1600 14.17 95.44 482.25
bad_greedy 1600 40.81 95.82 1488.09
random 1600 15.66 61.59 648.52
k=1 1600 11.09 70.29 212.15
greedy 1700 11.42 81.98 352.7
bad_greedy 1700 38.08 97.29 1600.1
random 1700 16.39 66.07 718.54
k=1 1700 10.83 71.24 183.09
greedy 1800 15.31 95.84 454.79
bad_greedy 1800 35.05 95.04 1688.23
random 1800 24.41 86.61 1485.14
k=1 1800 13 85.37 267.42
greedy 1900 13.3 90.44 487.82
bad_greedy 1900 45.18 95.95 1791.84
random 1900 26.96 88.52 1634.29
k=1 1900 12.33 76.83 211.86
greedy 2000 12.57 91.97 435.87
bad_greedy 2000 41.54 98.14 1888.17
random 2000 26.79 90.47 1726.99
k=1 2000 11.74 75.18 198.23
greedy 2100 15.24 89.6 397.37
bad_greedy 2100 50.29 96.39 1989.31
random 2100 21.68 79.32 1277.83
k=1 2100 12.45 72.92 207.03
greedy 2200 15.37 95.74 433.61
bad_greedy 2200 44.93 98.15 2069.75
random 2200 28.09 87.49 1926.5
k=1 2200 13.61 88.51 304.64
greedy 2300 13.42 78.83 428.72
bad_greedy 2300 43.6 97.41 2162.55
random 2300 30.34 90.73 2142.77
k=1 2300 12.07 64.36 222.91
greedy 2400 11.54 74.41 345.24
bad_greedy 2400 49.38 97.96 2276.1
random 2400 33.94 96.07 2323.81
k=1 2400 11.05 70.01 172.88
greedy 2500 13.98 87.71 389.36
bad_greedy 2500 47.16 96.71 2367.52
random 2500 31.03 90.5 2215.83
k=1 2500 11.52 69.5 209.84
greedy 2600 13.03 89.93 493.09
bad_greedy 2600 42.13 96.38 2472.96
random 2600 33.03 94.32 2473.77
k=1 2600 12.76 79.98 262.96
greedy 2700 14.65 96.27 454.27
bad_greedy 2700 49.12 98.05 2543.88
random 2700 26.84 87.03 2071.1
k=1 2700 11.21 72.24 236.59
greedy 2800 13.83 80.57 307.39
bad_greedy 2800 55.56 98.7 2652.54
random 2800 36.11 95.22 2753.4
k=1 2800 10.79 64.72 154.87
greedy 2900 14.97 97.46 417.95
bad_greedy 2900 49.69 97.9 2768.36
random 2900 35.35 95.97 2795.06
k=1 2900 11.86 74.71 245.11
greedy 3000 14.1 93.15 353.67
bad_greedy 3000 51.7 98.2 2852.72
random 3000 38.26 96.12 2938.68
k=1 3000 13.63 89.87 299.24
