60 16 27 35.5185 59.9375
16 14 21 40.8571 61.2857
24 16 25 37.68 58.875
23 17 24 41 57.8824
20 17 28 34.9643 57.5882
20 16 24 38.875 58.3125
20 17 22 44.6818 57.8235
19 17 23 43.4348 58.7647
21 17 27 35.5926 56.5294
19 17 22 45 58.2353
21 17 22 44.1818 57.1765
18 16 23 41.2174 59.25
19 17 25 38.52 56.6471
18 16 21 44.7143 58.6875
20 17 21 44.8095 55.3529
18 16 23 43.1304 62
19 17 28 35.5357 58.5294
19 16 23 41.4783 59.625
19 16 20 46.05 57.5625
18 16 17 58.5294 62.1875
18 15 20 46.05 61.4
20 17 24 40.75 57.5294
18 15 21 44.7619 62.6667
18 16 28 35.7143 62.5
18 15 21 44.619 62.4667
18 15 17 55.0588 62.4
18 15 20 48 64
18 15 23 41.0435 62.9333
18 15 23 41.7391 64
19 16 21 45.381 59.5625
18 15 19 50.3158 63.7333
18 15 18 52.8333 63.4
18 15 23 42.0435 64.4667
18 15 20 48.4 64.5333
18 15 18 54.1667 65
18 15 19 52.1579 66.0667
18 15 20 49.35 65.8
18 15 17 58.0588 65.8
18 15 21 47.4286 66.4
18 15 19 52.2632 66.2
18 15 22 45.2273 66.3333
18 15 19 52 65.8667
18 15 23 42.8696 65.7333
18 15 19 52.1579 66.0667
18 15 18 55.5 66.6
18 15 19 52.5263 66.5333
18 15 20 49.4 65.8667
18 14 19 49.2632 66.8571
18 15 19 52.2105 66.1333
18 15 20 50 66.6667
18 14 20 46.4 66.2857
18 15 19 51.1579 64.8
18 15 21 46.9524 65.7333
18 15 22 44.9545 65.9333
18 15 23 43.3043 66.4
18 15 19 51.7895 65.6
18 15 21 47.619 66.6667
18 15 21 47.1905 66.0667
18 15 21 46.9524 65.7333
18 15 18 54.3333 65.2
18 15 24 40.8333 65.3333
18 15 19 51.4737 65.2
18 15 21 47.5238 66.5333
18 14 21 45.2381 67.8571
18 15 23 42.2174 64.7333
18 15 18 53.9444 64.7333
18 15 19 51.5263 65.2667
18 15 17 56.8235 64.4
18 15 16 61.5 65.6
18 15 17 57.2941 64.9333
18 15 20 49.95 66.6
18 15 18 55.1667 66.2
18 15 19 52.5263 66.5333
18 14 21 44.9524 67.4286
18 14 21 44.4286 66.6429
18 14 22 42.9091 67.4286
18 15 22 45.3636 66.5333
18 14 18 52.0556 66.9286
18 14 18 51.9444 66.7857
18 14 18 51.7778 66.5714
18 15 16 62.125 66.2667
18 15 23 43.2174 66.2667
18 15 21 47 65.8
18 15 21 47.0952 65.9333
18 15 19 52.3158 66.2667
18 14 24 38.8333 66.5714
18 14 21 44.1905 66.2857
18 15 19 51.9474 65.8
18 15 19 52.4211 66.4
18 14 21 44.3333 66.5
18 14 20 47.7 68.1429
18 14 19 49.7368 67.5
18 15 22 44.6818 65.5333
18 15 20 49.45 65.9333
18 14 21 44.381 66.5714
18 15 21 47.619 66.6667
18 14 19 49.2632 66.8571
18 14 22 42.9545 67.5
18 14 19 49.2632 66.8571
18 14 23 40.3043 66.2143
